18 -1 -1 104
28 33000 -1 6000
28 33001 -1 6001
28 33002 -1 6002
28 33003 -1 6003
18 -1 -1 10
4 9000 9001 18000
28 18000 -1 9002
26 9002 -1 -1
26 -1 -1 -1
18 -1 -1 32
13 9000 27000 26000
20 26000 -1 15
26 27000 -1 -1
18 -1 -1 15
13 9000 27001 26001
20 26001 -1 19
26 27001 -1 -1
18 -1 -1 19
5 9000 27001 18000
44 -1 -1 18001
23 -1 -1 -1
27 18000 -1 9000
24 -1 -1 11
5 9000 27002 18002
44 -1 -1 18003
23 -1 -1 -1
27 18002 -1 9000
24 -1 -1 11
4 18001 18003 18004
26 18004 -1 -1
26 -1 -1 -1
18 -1 -1 51
28 27000 -1 9001
28 27001 -1 9002
28 -1 -1 9003
28 -1 -1 9004
17 27000 -1 9003
11 9003 9000 26000
20 26000 -1 49
18 -1 -1 44
4 9003 27001 18000
17 18000 -1 9003
18 -1 -1 38
17 9001 -1 9004
17 9002 -1 9001
4 9004 9002 18001
17 18001 -1 9002
18 -1 -1 41
26 9001 -1 -1
26 -1 -1 -1
18 -1 -1 64
13 9000 27000 26000
20 26000 -1 56
26 27001 -1 -1
18 -1 -1 63
5 9000 27001 18000
44 -1 -1 18001
23 -1 -1 -1
27 18000 -1 9000
24 -1 -1 52
6 9000 18001 18002
26 18002 -1 -1
26 -1 -1 -1
18 -1 -1 79
28 27001 -1 9001
28 -1 -1 9002
17 27001 -1 9002
16 9002 9000 26000
20 26000 -1 77
18 -1 -1 74
4 9002 27001 18000
17 18000 -1 9002
18 -1 -1 68
6 9001 9002 18001
17 18001 -1 9001
18 -1 -1 71
26 9001 -1 -1
26 -1 -1 -1
31 -1 -1 33004
44 -1 -1 18000
23 -1 -1 -1
27 27003 -1 9000
24 -1 -1 33
31 -1 -1 18000
31 -1 -1 33005
44 -1 -1 18001
23 -1 -1 -1
27 27003 -1 9000
24 -1 -1 11
31 -1 -1 18001
31 -1 -1 33006
44 -1 -1 18002
23 -1 -1 -1
27 27004 -1 9000
24 -1 -1 52
31 -1 -1 18002
31 -1 -1 33007
44 -1 -1 18003
23 -1 -1 -1
27 27004 -1 9000
24 -1 -1 65
31 -1 -1 18003
22 -1 -1 -1
29 82 -1 33000
30 101 -1 33000
30 99 -1 33000
30 117 -1 33000
30 114 -1 33000
30 115 -1 33000
30 105 -1 33000
30 118 -1 33000
30 111 -1 33000
29 73 -1 33001
30 116 -1 33001
30 101 -1 33001
30 114 -1 33001
30 97 -1 33001
30 116 -1 33001
30 105 -1 33001
30 118 -1 33001
30 111 -1 33001
29 70 -1 33002
30 105 -1 33002
30 98 -1 33002
30 111 -1 33002
29 70 -1 33003
30 97 -1 33003
30 99 -1 33003
30 116 -1 33003
30 111 -1 33003
21 0 -1 27000
21 1 -1 27001
21 2 -1 27002
29 70 -1 33004
30 105 -1 33004
30 98 -1 33004
30 111 -1 33004
30 73 -1 33004
30 116 -1 33004
30 101 -1 33004
30 114 -1 33004
30 97 -1 33004
30 116 -1 33004
30 105 -1 33004
30 118 -1 33004
30 111 -1 33004
21 8 -1 27003
29 70 -1 33005
30 105 -1 33005
30 98 -1 33005
30 111 -1 33005
30 82 -1 33005
30 101 -1 33005
30 99 -1 33005
30 117 -1 33005
30 114 -1 33005
30 115 -1 33005
30 105 -1 33005
30 118 -1 33005
30 111 -1 33005
29 70 -1 33006
30 97 -1 33006
30 99 -1 33006
30 116 -1 33006
30 82 -1 33006
30 101 -1 33006
30 99 -1 33006
30 117 -1 33006
30 114 -1 33006
30 115 -1 33006
30 105 -1 33006
30 118 -1 33006
30 111 -1 33006
21 4 -1 27004
29 70 -1 33007
30 97 -1 33007
30 99 -1 33007
30 116 -1 33007
30 73 -1 33007
30 116 -1 33007
30 101 -1 33007
30 114 -1 33007
30 97 -1 33007
30 116 -1 33007
30 105 -1 33007
30 118 -1 33007
30 111 -1 33007
18 -1 -1 1